[1::1:16]
MSW 1,1,2;9,1,1;

[1::2:16]
MSW 1,1,2;9,1,2;

[1::3:16]
MSW 1,1,2;9,1,3;

[1::4:16]
MSW 1,1,2;9,1,4;

[1::5:16]
MSW 1,1,2;9,1,5;

[1::6:16]
MSW 1,1,2;9,1,6;

[1::7:16]
MSW 1,1,2;9,1,7;

[1::8:16]
MSW 1,1,2;9,1,8;

[1::9:16]
MSW 1,1,1;10,1,1;

[1::10:16]
MSW 1,1,1;10,1,2;

[1::11:16]
MSW 1,1,1;10,1,3;

[1::12:16]
MSW 1,1,1;10,1,4;

[1::13:16]
MSW 1,1,1;10,1,5;

[1::14:16]
MSW 1,1,1;10,1,6;

[1::15:16]
MSW 1,1,1;10,1,7;

[1::16:16]
MSW 1,1,1;10,1,8;

[2::1:16]
MSW 1,1,2;9,1,1;

[2::2:16]
MSW 1,1,2;9,1,2;

[2::3:16]
MSW 1,1,2;9,1,3;

[2::4:16]
MSW 1,1,2;9,1,4;

[2::5:16]
MSW 1,1,2;9,1,5;

[2::6:16]
MSW 1,1,2;9,1,6;

[2::7:16]
MSW 1,1,2;9,1,7;

[2::8:16]
MSW 1,1,2;9,1,8;

[2::9:16]
MSW 1,1,1;10,1,1;

[2::10:16]
MSW 1,1,1;10,1,2;

[2::11:16]
MSW 1,1,1;10,1,3;

[2::12:16]
MSW 1,1,1;10,1,4;

[2::13:16]
MSW 1,1,1;10,1,5;

[2::14:16]
MSW 1,1,1;10,1,6;

[2::15:16]
MSW 1,1,1;10,1,7;

[2::16:16]
MSW 1,1,1;10,1,8;

[3::1:16]
MSW 1,1,2;9,1,1;

[3::2:16]
MSW 1,1,2;9,1,2;

[3::3:16]
MSW 1,1,2;9,1,3;

[3::4:16]
MSW 1,1,2;9,1,4;

[3::5:16]
MSW 1,1,2;9,1,5;

[3::6:16]
MSW 1,1,2;9,1,6;

[3::7:16]
MSW 1,1,2;9,1,7;

[3::8:16]
MSW 1,1,2;9,1,8;

[3::9:16]
MSW 1,1,1;10,1,1;

[3::10:16]
MSW 1,1,1;10,1,2;

[3::11:16]
MSW 1,1,1;10,1,3;

[3::12:16]
MSW 1,1,1;10,1,4;

[3::13:16]
MSW 1,1,1;10,1,5;

[3::14:16]
MSW 1,1,1;10,1,6;

[3::15:16]
MSW 1,1,1;10,1,7;

[3::16:16]
MSW 1,1,1;10,1,8;

[4::1:16]
MSW 1,1,2;9,1,1;

[4::2:16]
MSW 1,1,2;9,1,2;

[4::3:16]
MSW 1,1,2;9,1,3;

[4::4:16]
MSW 1,1,2;9,1,4;

[4::5:16]
MSW 1,1,2;9,1,5;

[4::6:16]
MSW 1,1,2;9,1,6;

[4::7:16]
MSW 1,1,2;9,1,7;

[4::8:16]
MSW 1,1,2;9,1,8;

[4::9:16]
MSW 1,1,1;10,1,1;

[4::10:16]
MSW 1,1,1;10,1,2;

[4::11:16]
MSW 1,1,1;10,1,3;

[4::12:16]
MSW 1,1,1;10,1,4;

[4::13:16]
MSW 1,1,1;10,1,5;

[4::14:16]
MSW 1,1,1;10,1,6;

[4::15:16]
MSW 1,1,1;10,1,7;

[4::16:16]
MSW 1,1,1;10,1,8;

[5::1:16]
MSW 1,1,2;9,1,1;

[5::2:16]
MSW 1,1,2;9,1,2;

[5::3:16]
MSW 1,1,2;9,1,3;

[5::4:16]
MSW 1,1,2;9,1,4;

[5::5:16]
MSW 1,1,2;9,1,5;

[5::6:16]
MSW 1,1,2;9,1,6;

[5::7:16]
MSW 1,1,2;9,1,7;

[5::8:16]
MSW 1,1,2;9,1,8;

[5::9:16]
MSW 1,1,1;10,1,1;

[5::10:16]
MSW 1,1,1;10,1,2;

[5::11:16]
MSW 1,1,1;10,1,3;

[5::12:16]
MSW 1,1,1;10,1,4;

[5::13:16]
MSW 1,1,1;10,1,5;

[5::14:16]
MSW 1,1,1;10,1,6;

[5::15:16]
MSW 1,1,1;10,1,7;

[5::16:16]
MSW 1,1,1;10,1,8;

[6::1:16]
MSW 1,1,2;9,1,1;

[6::2:16]
MSW 1,1,2;9,1,2;

[6::3:16]
MSW 1,1,2;9,1,3;

[6::4:16]
MSW 1,1,2;9,1,4;

[6::5:16]
MSW 1,1,2;9,1,5;

[6::6:16]
MSW 1,1,2;9,1,6;

[6::7:16]
MSW 1,1,2;9,1,7;

[6::8:16]
MSW 1,1,2;9,1,8;

[6::9:16]
MSW 1,1,1;10,1,1;

[6::10:16]
MSW 1,1,1;10,1,2;

[6::11:16]
MSW 1,1,1;10,1,3;

[6::12:16]
MSW 1,1,1;10,1,4;

[6::13:16]
MSW 1,1,1;10,1,5;

[6::14:16]
MSW 1,1,1;10,1,6;

[6::15:16]
MSW 1,1,1;10,1,7;

[6::16:16]
MSW 1,1,1;10,1,8;

[7::1:16]
MSW 1,1,2;9,1,1;

[7::2:16]
MSW 1,1,2;9,1,2;

[7::3:16]
MSW 1,1,2;9,1,3;

[7::4:16]
MSW 1,1,2;9,1,4;

[7::5:16]
MSW 1,1,2;9,1,5;

[7::6:16]
MSW 1,1,2;9,1,6;

[7::7:16]
MSW 1,1,2;9,1,7;

[7::8:16]
MSW 1,1,2;9,1,8;

[7::9:16]
MSW 1,1,1;10,1,1;

[7::10:16]
MSW 1,1,1;10,1,2;

[7::11:16]
MSW 1,1,1;10,1,3;

[7::12:16]
MSW 1,1,1;10,1,4;

[7::13:16]
MSW 1,1,1;10,1,5;

[7::14:16]
MSW 1,1,1;10,1,6;

[7::15:16]
MSW 1,1,1;10,1,7;

[7::16:16]
MSW 1,1,1;10,1,8;

[8::1:16]
MSW 1,1,2;9,1,1;

[8::2:16]
MSW 1,1,2;9,1,2;

[8::3:16]
MSW 1,1,2;9,1,3;

[8::4:16]
MSW 1,1,2;9,1,4;

[8::5:16]
MSW 1,1,2;9,1,5;

[8::6:16]
MSW 1,1,2;9,1,6;

[8::7:16]
MSW 1,1,2;9,1,7;

[8::8:16]
MSW 1,1,2;9,1,8;

[8::9:16]
MSW 1,1,1;10,1,1;

[8::10:16]
MSW 1,1,1;10,1,2;

[8::11:16]
MSW 1,1,1;10,1,3;

[8::12:16]
MSW 1,1,1;10,1,4;

[8::13:16]
MSW 1,1,1;10,1,5;

[8::14:16]
MSW 1,1,1;10,1,6;

[8::15:16]
MSW 1,1,1;10,1,7;

[8::16:16]
MSW 1,1,1;10,1,8;

[9::1:16]
MSW 1,1,2;9,1,1;

[9::2:16]
MSW 1,1,2;9,1,2;

[9::3:16]
MSW 1,1,2;9,1,3;

[9::4:16]
MSW 1,1,2;9,1,4;

[9::5:16]
MSW 1,1,2;9,1,5;

[9::6:16]
MSW 1,1,2;9,1,6;

[9::7:16]
MSW 1,1,2;9,1,7;

[9::8:16]
MSW 1,1,2;9,1,8;

[9::9:16]
MSW 1,1,1;10,1,1;

[9::10:16]
MSW 1,1,1;10,1,2;

[9::11:16]
MSW 1,1,1;10,1,3;

[9::12:16]
MSW 1,1,1;10,1,4;

[9::13:16]
MSW 1,1,1;10,1,5;

[9::14:16]
MSW 1,1,1;10,1,6;

[9::15:16]
MSW 1,1,1;10,1,7;

[9::16:16]
MSW 1,1,1;10,1,8;

[10::1:16]
MSW 1,1,2;9,1,1;

[10::2:16]
MSW 1,1,2;9,1,2;

[10::3:16]
MSW 1,1,2;9,1,3;

[10::4:16]
MSW 1,1,2;9,1,4;

[10::5:16]
MSW 1,1,2;9,1,5;

[10::6:16]
MSW 1,1,2;9,1,6;

[10::7:16]
MSW 1,1,2;9,1,7;

[10::8:16]
MSW 1,1,2;9,1,8;

[10::9:16]
MSW 1,1,1;10,1,1;

[10::10:16]
MSW 1,1,1;10,1,2;

[10::11:16]
MSW 1,1,1;10,1,3;

[10::12:16]
MSW 1,1,1;10,1,4;

[10::13:16]
MSW 1,1,1;10,1,5;

[10::14:16]
MSW 1,1,1;10,1,6;

[10::15:16]
MSW 1,1,1;10,1,7;

[10::16:16]
MSW 1,1,1;10,1,8;

[11::1:16]
MSW 1,1,2;9,1,1;

[11::2:16]
MSW 1,1,2;9,1,2;

[11::3:16]
MSW 1,1,2;9,1,3;

[11::4:16]
MSW 1,1,2;9,1,4;

[11::5:16]
MSW 1,1,2;9,1,5;

[11::6:16]
MSW 1,1,2;9,1,6;

[11::7:16]
MSW 1,1,2;9,1,7;

[11::8:16]
MSW 1,1,2;9,1,8;

[11::9:16]
MSW 1,1,1;10,1,1;

[11::10:16]
MSW 1,1,1;10,1,2;

[11::11:16]
MSW 1,1,1;10,1,3;

[11::12:16]
MSW 1,1,1;10,1,4;

[11::13:16]
MSW 1,1,1;10,1,5;

[11::14:16]
MSW 1,1,1;10,1,6;

[11::15:16]
MSW 1,1,1;10,1,7;

[11::16:16]
MSW 1,1,1;10,1,8;

[12::1:16]
MSW 1,1,2;9,1,1;

[12::2:16]
MSW 1,1,2;9,1,2;

[12::3:16]
MSW 1,1,2;9,1,3;

[12::4:16]
MSW 1,1,2;9,1,4;

[12::5:16]
MSW 1,1,2;9,1,5;

[12::6:16]
MSW 1,1,2;9,1,6;

[12::7:16]
MSW 1,1,2;9,1,7;

[12::8:16]
MSW 1,1,2;9,1,8;

[12::9:16]
MSW 1,1,1;10,1,1;

[12::10:16]
MSW 1,1,1;10,1,2;

[12::11:16]
MSW 1,1,1;10,1,3;

[12::12:16]
MSW 1,1,1;10,1,4;

[12::13:16]
MSW 1,1,1;10,1,5;

[12::14:16]
MSW 1,1,1;10,1,6;

[12::15:16]
MSW 1,1,1;10,1,7;

[12::16:16]
MSW 1,1,1;10,1,8;

[13::1:16]
MSW 1,1,2;9,1,1;

[13::2:16]
MSW 1,1,2;9,1,2;

[13::3:16]
MSW 1,1,2;9,1,3;

[13::4:16]
MSW 1,1,2;9,1,4;

[13::5:16]
MSW 1,1,2;9,1,5;

[13::6:16]
MSW 1,1,2;9,1,6;

[13::7:16]
MSW 1,1,2;9,1,7;

[13::8:16]
MSW 1,1,2;9,1,8;

[13::9:16]
MSW 1,1,1;10,1,1;

[13::10:16]
MSW 1,1,1;10,1,2;

[13::11:16]
MSW 1,1,1;10,1,3;

[13::12:16]
MSW 1,1,1;10,1,4;

[13::13:16]
MSW 1,1,1;10,1,5;

[13::14:16]
MSW 1,1,1;10,1,6;

[13::15:16]
MSW 1,1,1;10,1,7;

[13::16:16]
MSW 1,1,1;10,1,8;

[14::1:16]
MSW 1,1,2;9,1,1;

[14::2:16]
MSW 1,1,2;9,1,2;

[14::3:16]
MSW 1,1,2;9,1,3;

[14::4:16]
MSW 1,1,2;9,1,4;

[14::5:16]
MSW 1,1,2;9,1,5;

[14::6:16]
MSW 1,1,2;9,1,6;

[14::7:16]
MSW 1,1,2;9,1,7;

[14::8:16]
MSW 1,1,2;9,1,8;

[14::9:16]
MSW 1,1,1;10,1,1;

[14::10:16]
MSW 1,1,1;10,1,2;

[14::11:16]
MSW 1,1,1;10,1,3;

[14::12:16]
MSW 1,1,1;10,1,4;

[14::13:16]
MSW 1,1,1;10,1,5;

[14::14:16]
MSW 1,1,1;10,1,6;

[14::15:16]
MSW 1,1,1;10,1,7;

[14::16:16]
MSW 1,1,1;10,1,8;

[15::1:16]
MSW 1,1,2;9,1,1;

[15::2:16]
MSW 1,1,2;9,1,2;

[15::3:16]
MSW 1,1,2;9,1,3;

[15::4:16]
MSW 1,1,2;9,1,4;

[15::5:16]
MSW 1,1,2;9,1,5;

[15::6:16]
MSW 1,1,2;9,1,6;

[15::7:16]
MSW 1,1,2;9,1,7;

[15::8:16]
MSW 1,1,2;9,1,8;

[15::9:16]
MSW 1,1,1;10,1,1;

[15::10:16]
MSW 1,1,1;10,1,2;

[15::11:16]
MSW 1,1,1;10,1,3;

[15::12:16]
MSW 1,1,1;10,1,4;

[15::13:16]
MSW 1,1,1;10,1,5;

[15::14:16]
MSW 1,1,1;10,1,6;

[15::15:16]
MSW 1,1,1;10,1,7;

[15::16:16]
MSW 1,1,1;10,1,8;

[16::1:16]
MSW 1,1,2;9,1,1;

[16::2:16]
MSW 1,1,2;9,1,2;

[16::3:16]
MSW 1,1,2;9,1,3;

[16::4:16]
MSW 1,1,2;9,1,4;

[16::5:16]
MSW 1,1,2;9,1,5;

[16::6:16]
MSW 1,1,2;9,1,6;

[16::7:16]
MSW 1,1,2;9,1,7;

[16::8:16]
MSW 1,1,2;9,1,8;

[16::9:16]
MSW 1,1,1;10,1,1;

[16::10:16]
MSW 1,1,1;10,1,2;

[16::11:16]
MSW 1,1,1;10,1,3;

[16::12:16]
MSW 1,1,1;10,1,4;

[16::13:16]
MSW 1,1,1;10,1,5;

[16::14:16]
MSW 1,1,1;10,1,6;

[16::15:16]
MSW 1,1,1;10,1,7;

[16::16:16]
MSW 1,1,1;10,1,8;
