[1::1:32]
MSW 1,1,2;9,1,1;

[1::2:32]
MSW 1,1,2;9,1,2;

[1::3:32]
MSW 1,1,2;9,1,3;

[1::4:32]
MSW 1,1,2;9,1,4;

[1::5:32]
MSW 1,1,2;9,1,5;

[1::6:32]
MSW 1,1,2;9,1,6;

[1::7:32]
MSW 1,1,2;9,1,7;

[1::8:32]
MSW 1,1,2;9,1,8;

[1::9:32]
MSW 1,1,1;10,1,1;

[1::10:32]
MSW 1,1,1;10,1,2;

[1::11:32]
MSW 1,1,1;10,1,3;

[1::12:32]
MSW 1,1,1;10,1,4;

[1::13:32]
MSW 1,1,1;10,1,5;

[1::14:32]
MSW 1,1,1;10,1,6;

[1::15:32]
MSW 1,1,1;10,1,7;

[1::16:32]
MSW 1,1,1;10,1,8;

[1::17:32]
MSW 2,1,2;11,1,1;

[1::18:32]
MSW 2,1,2;11,1,2;

[1::19:32]
MSW 2,1,2;11,1,3;

[1::20:32]
MSW 2,1,2;11,1,4;

[1::21:32]
MSW 2,1,2;11,1,5;

[1::22:32]
MSW 2,1,2;11,1,6;

[1::23:32]
MSW 2,1,2;11,1,7;

[1::24:32]
MSW 2,1,2;11,1,8;

[1::25:32]
MSW 2,1,1;12,1,1;

[1::26:32]
MSW 2,1,1;12,1,2;

[1::27:32]
MSW 2,1,1;12,1,3;

[1::28:32]
MSW 2,1,1;12,1,4;

[1::29:32]
MSW 2,1,1;12,1,5;

[1::30:32]
MSW 2,1,1;12,1,6;

[1::31:32]
MSW 2,1,1;12,1,7;

[1::32:32]
MSW 2,1,1;12,1,8;

[2::1:32]
MSW 1,1,2;9,1,1;

[2::2:32]
MSW 1,1,2;9,1,2;

[2::3:32]
MSW 1,1,2;9,1,3;

[2::4:32]
MSW 1,1,2;9,1,4;

[2::5:32]
MSW 1,1,2;9,1,5;

[2::6:32]
MSW 1,1,2;9,1,6;

[2::7:32]
MSW 1,1,2;9,1,7;

[2::8:32]
MSW 1,1,2;9,1,8;

[2::9:32]
MSW 1,1,1;10,1,1;

[2::10:32]
MSW 1,1,1;10,1,2;

[2::11:32]
MSW 1,1,1;10,1,3;

[2::12:32]
MSW 1,1,1;10,1,4;

[2::13:32]
MSW 1,1,1;10,1,5;

[2::14:32]
MSW 1,1,1;10,1,6;

[2::15:32]
MSW 1,1,1;10,1,7;

[2::16:32]
MSW 1,1,1;10,1,8;

[2::17:32]
MSW 2,1,2;11,1,1;

[2::18:32]
MSW 2,1,2;11,1,2;

[2::19:32]
MSW 2,1,2;11,1,3;

[2::20:32]
MSW 2,1,2;11,1,4;

[2::21:32]
MSW 2,1,2;11,1,5;

[2::22:32]
MSW 2,1,2;11,1,6;

[2::23:32]
MSW 2,1,2;11,1,7;

[2::24:32]
MSW 2,1,2;11,1,8;

[2::25:32]
MSW 2,1,1;12,1,1;

[2::26:32]
MSW 2,1,1;12,1,2;

[2::27:32]
MSW 2,1,1;12,1,3;

[2::28:32]
MSW 2,1,1;12,1,4;

[2::29:32]
MSW 2,1,1;12,1,5;

[2::30:32]
MSW 2,1,1;12,1,6;

[2::31:32]
MSW 2,1,1;12,1,7;

[2::32:32]
MSW 2,1,1;12,1,8;

[3::1:32]
MSW 1,1,2;9,1,1;

[3::2:32]
MSW 1,1,2;9,1,2;

[3::3:32]
MSW 1,1,2;9,1,3;

[3::4:32]
MSW 1,1,2;9,1,4;

[3::5:32]
MSW 1,1,2;9,1,5;

[3::6:32]
MSW 1,1,2;9,1,6;

[3::7:32]
MSW 1,1,2;9,1,7;

[3::8:32]
MSW 1,1,2;9,1,8;

[3::9:32]
MSW 1,1,1;10,1,1;

[3::10:32]
MSW 1,1,1;10,1,2;

[3::11:32]
MSW 1,1,1;10,1,3;

[3::12:32]
MSW 1,1,1;10,1,4;

[3::13:32]
MSW 1,1,1;10,1,5;

[3::14:32]
MSW 1,1,1;10,1,6;

[3::15:32]
MSW 1,1,1;10,1,7;

[3::16:32]
MSW 1,1,1;10,1,8;

[3::17:32]
MSW 2,1,2;11,1,1;

[3::18:32]
MSW 2,1,2;11,1,2;

[3::19:32]
MSW 2,1,2;11,1,3;

[3::20:32]
MSW 2,1,2;11,1,4;

[3::21:32]
MSW 2,1,2;11,1,5;

[3::22:32]
MSW 2,1,2;11,1,6;

[3::23:32]
MSW 2,1,2;11,1,7;

[3::24:32]
MSW 2,1,2;11,1,8;

[3::25:32]
MSW 2,1,1;12,1,1;

[3::26:32]
MSW 2,1,1;12,1,2;

[3::27:32]
MSW 2,1,1;12,1,3;

[3::28:32]
MSW 2,1,1;12,1,4;

[3::29:32]
MSW 2,1,1;12,1,5;

[3::30:32]
MSW 2,1,1;12,1,6;

[3::31:32]
MSW 2,1,1;12,1,7;

[3::32:32]
MSW 2,1,1;12,1,8;

[4::1:32]
MSW 1,1,2;9,1,1;

[4::2:32]
MSW 1,1,2;9,1,2;

[4::3:32]
MSW 1,1,2;9,1,3;

[4::4:32]
MSW 1,1,2;9,1,4;

[4::5:32]
MSW 1,1,2;9,1,5;

[4::6:32]
MSW 1,1,2;9,1,6;

[4::7:32]
MSW 1,1,2;9,1,7;

[4::8:32]
MSW 1,1,2;9,1,8;

[4::9:32]
MSW 1,1,1;10,1,1;

[4::10:32]
MSW 1,1,1;10,1,2;

[4::11:32]
MSW 1,1,1;10,1,3;

[4::12:32]
MSW 1,1,1;10,1,4;

[4::13:32]
MSW 1,1,1;10,1,5;

[4::14:32]
MSW 1,1,1;10,1,6;

[4::15:32]
MSW 1,1,1;10,1,7;

[4::16:32]
MSW 1,1,1;10,1,8;

[4::17:32]
MSW 2,1,2;11,1,1;

[4::18:32]
MSW 2,1,2;11,1,2;

[4::19:32]
MSW 2,1,2;11,1,3;

[4::20:32]
MSW 2,1,2;11,1,4;

[4::21:32]
MSW 2,1,2;11,1,5;

[4::22:32]
MSW 2,1,2;11,1,6;

[4::23:32]
MSW 2,1,2;11,1,7;

[4::24:32]
MSW 2,1,2;11,1,8;

[4::25:32]
MSW 2,1,1;12,1,1;

[4::26:32]
MSW 2,1,1;12,1,2;

[4::27:32]
MSW 2,1,1;12,1,3;

[4::28:32]
MSW 2,1,1;12,1,4;

[4::29:32]
MSW 2,1,1;12,1,5;

[4::30:32]
MSW 2,1,1;12,1,6;

[4::31:32]
MSW 2,1,1;12,1,7;

[4::32:32]
MSW 2,1,1;12,1,8;
